%YAML:1.0
my_histogram: !!opencv-matrix
   rows: 20
   cols: 2
   dt: f
   data: [ 2.22299995e+001, 2.22299995e+001, 2.22299995e+001,
       2.22299995e+001, 2.22299995e+001, 2.22299995e+001,
       2.22299995e+001, 2.22299995e+001, 2.22299995e+001,
       2.22299995e+001, 2.22299995e+001, 2.22299995e+001,
       2.22299995e+001, 2.22299995e+001, 2.22299995e+001,
       2.22299995e+001, 2.22299995e+001, 2.22299995e+001,
       2.22299995e+001, 2.22299995e+001, 2.22299995e+001,
       2.22299995e+001, 2.22299995e+001, 2.22299995e+001,
       2.22299995e+001, 2.22299995e+001, 2.22299995e+001,
       2.22299995e+001, 2.22299995e+001, 2.22299995e+001,
       2.22299995e+001, 2.22299995e+001, 2.22299995e+001,
       2.22299995e+001, 2.22299995e+001, 2.22299995e+001,
       2.22299995e+001, 2.22299995e+001, 2.22299995e+001,
       2.22299995e+001 ]
