%YAML:1.0
my_histogram: !!opencv-matrix
   rows: 50
   cols: 60
   dt: f
   data: [ 9.29295957e-001, 0., 1.09387434e-003, 2.98329338e-004,
       8.94988072e-004, 1.59108988e-003, 2.08830554e-003,
       2.28719180e-003, 1.78997614e-003, 2.58552097e-003,
       2.78440723e-003, 2.98329350e-003, 4.37549734e-003,
       4.77326941e-003, 5.86714409e-003, 7.25934748e-003,
       7.75656337e-003, 9.24821012e-003, 8.05489253e-003,
       7.25934748e-003, 8.75099469e-003, 8.75099469e-003,
       8.15433543e-003, 1.15354015e-002, 9.74542554e-003,
       1.08393002e-002, 1.12370718e-002, 1.39220366e-002,
       1.36237070e-002, 1.62092280e-002, 1.79992039e-002,
       1.76014323e-002, 2.32696887e-002, 2.81424019e-002,
       3.71917263e-002, 4.18655537e-002, 5.27048521e-002,
       5.51909320e-002, 5.31026237e-002, 5.90692125e-002,
       5.73786795e-002, 4.87271287e-002, 5.99641986e-002,
       3.63961793e-002, 3.58989649e-002, 2.97334921e-002,
       5.02187759e-002, 2.85401754e-002, 3.34128886e-002,
       3.70922834e-002, 3.11256964e-002, 6.59307837e-002,
       4.65393774e-002, 5.13126478e-002, 4.54455055e-002,
       6.31463826e-002, 1.07398570e-001, 5.00198863e-002,
       7.90572762e-002, 7.72673041e-002, 0., 0., 1.59108988e-003,
       5.96658676e-004, 3.08273663e-003, 8.94988072e-004,
       7.95544940e-004, 1.09387434e-003, 3.18217976e-003,
       3.97772482e-003, 6.56324578e-003, 2.88385036e-003,
       3.87828168e-003, 4.97215567e-003, 2.88385036e-003,
       2.68496410e-003, 3.38106602e-003, 4.57438361e-003,
       4.87271277e-003, 5.36992820e-003, 5.07159904e-003,
       4.67382651e-003, 4.67382651e-003, 6.26491662e-003,
       5.66825783e-003, 6.46380242e-003, 6.36435952e-003,
       7.75656337e-003, 9.94431134e-003, 8.35322216e-003,
       9.64598265e-003, 1.09387431e-002, 1.29276048e-002,
       9.34765302e-003, 1.31264916e-002, 1.53142400e-002,
       1.71042159e-002, 2.07836106e-002, 3.25178988e-002,
       3.12251393e-002, 3.44073176e-002, 4.03739065e-002,
       5.70803508e-002, 5.05171046e-002, 6.04614168e-002,
       5.33015095e-002, 5.88703267e-002, 7.36873522e-002,
       5.62848039e-002, 6.16547316e-002, 7.33890235e-002,
       7.49801099e-002, 8.85043740e-002, 1.43595859e-001,
       1.26491651e-001, 1.44689739e-001, 1.68953851e-001,
       1.94013521e-001, 2.36276850e-001, 2.49403343e-001, 0., 0.,
       1.88941928e-003, 1.14359586e-002, 5.96658676e-004,
       8.35322216e-003, 6.66268868e-003, 2.20763721e-002,
       2.25735884e-002, 1.58114564e-002, 5.96658699e-003,
       4.57438361e-003, 2.98329350e-003, 2.58552097e-003,
       1.09387434e-003, 1.98886241e-003, 8.94988072e-004,
       1.29276048e-003, 7.95544940e-004, 1.59108988e-003,
       1.59108988e-003, 1.59108988e-003, 1.49164675e-003,
       1.98886241e-003, 1.88941928e-003, 1.39220362e-003,
       2.08830554e-003, 2.88385036e-003, 3.28162289e-003,
       2.38663470e-003, 2.08830554e-003, 3.18217976e-003,
       3.28162289e-003, 2.98329350e-003, 4.07716772e-003,
       5.07159904e-003, 5.27048530e-003, 7.45823374e-003,
       5.76770073e-003, 7.95544963e-003, 1.07398564e-002,
       9.94431134e-003, 1.45186950e-002, 1.04415277e-002,
       1.43198092e-002, 1.95902940e-002, 1.65075567e-002,
       1.91925224e-002, 2.07836106e-002, 2.83412877e-002,
       2.45624501e-002, 2.68496424e-002, 4.06722352e-002,
       4.34566438e-002, 6.12569600e-002, 7.49801099e-002,
       1.12171836e-001, 1.40513122e-001, 1.66964993e-001,
       1.95505172e-001, 0., 9.24821012e-003, 1.98886235e-004,
       1.78003181e-002, 1.42203663e-002, 1.98886235e-004,
       1.13365157e-002, 3.49045359e-002, 1.30270487e-002,
       9.14876722e-003, 4.57438361e-003, 1.78997614e-003,
       9.94431204e-004, 9.94431204e-004, 6.96101808e-004,
       4.97215602e-004, 1.09387434e-003, 6.96101808e-004,
       1.49164675e-003, 1.29276048e-003, 9.94431175e-005,
       5.96658676e-004, 2.98329338e-004, 1.59108988e-003,
       4.97215602e-004, 2.48607784e-003, 4.97215602e-004,
       2.98329338e-004, 3.08273663e-003, 1.98886235e-004,
       1.98886235e-004, 6.96101808e-004, 6.16547326e-003,
       2.98329338e-004, 9.94431204e-004, 9.94431204e-004,
       1.35242641e-002, 1.19331735e-003, 4.97215602e-004,
       1.59108988e-003, 1.29276048e-003, 1.29276048e-003,
       2.58552097e-002, 5.96658676e-004, 1.39220362e-003,
       3.08273663e-003, 2.38663470e-003, 1.39220362e-003,
       2.38663470e-003, 3.77883855e-003, 1.69053301e-003,
       4.85282429e-002, 5.36992820e-003, 3.57995229e-003,
       4.07716772e-003, 6.66268868e-003, 1.03420839e-002,
       5.17104194e-003, 8.65155086e-003, 1.03420839e-002, 0.,
       2.98329338e-004, 8.02505985e-002, 7.95544940e-004,
       1.21320607e-002, 1.88941918e-002, 1.52147971e-002,
       3.48050916e-003, 8.25377833e-003, 3.67939542e-003,
       1.59108988e-003, 1.98886235e-004, 5.96658676e-004,
       9.94431175e-005, 0., 3.97772470e-004, 2.98329338e-004,
       1.98886235e-004, 2.98329338e-004, 4.97215602e-004,
       1.98886235e-004, 3.97772470e-004, 3.97772470e-004,
       2.98329338e-004, 9.94431175e-005, 6.96101808e-004,
       4.97215602e-004, 4.97215602e-004, 6.96101808e-004,
       2.98329338e-004, 1.39220362e-003, 6.96101808e-004,
       1.19331735e-003, 9.94431175e-005, 3.97772470e-004,
       1.59108988e-003, 1.19331735e-003, 4.97215602e-004,
       2.38663470e-003, 4.97215602e-004, 3.97772470e-004,
       8.94988072e-004, 2.88385036e-003, 5.96658676e-004,
       1.09387434e-003, 2.98329338e-004, 1.29276048e-003,
       3.18217976e-003, 6.96101808e-004, 6.96101808e-004,
       1.29276048e-003, 1.98886241e-003, 7.95544940e-004,
       4.87271277e-003, 1.29276048e-003, 8.94988072e-004,
       3.08273663e-003, 6.96101808e-004, 1.19331735e-003,
       2.98329338e-004, 1.03520282e-001, 1.98886235e-004, 0.,
       5.66825783e-003, 2.28719180e-003, 2.58552097e-003,
       3.48050916e-003, 7.95544940e-004, 1.29276048e-003,
       1.19331735e-003, 9.94431204e-004, 4.97215602e-004,
       3.97772470e-004, 3.97772470e-004, 5.96658676e-004,
       1.19331735e-003, 0., 1.19331735e-003, 0., 1.09387434e-003,
       9.94431175e-005, 8.94988072e-004, 0., 9.94431175e-005,
       2.68496410e-003, 0., 9.94431175e-005, 0., 5.66825783e-003, 0.,
       1.98886235e-004, 9.94431175e-005, 0., 9.94431175e-005,
       1.37231499e-002, 1.98886235e-004, 0., 9.94431175e-005, 0.,
       1.98886235e-004, 0., 0., 3.54017504e-002, 0., 1.98886235e-004,
       2.98329338e-004, 0., 9.94431175e-005, 2.98329338e-004, 0.,
       2.98329338e-004, 1.98886235e-004, 4.97215602e-004,
       7.95544940e-004, 0., 3.97772470e-004, 6.35441542e-002, 0.,
       1.98886235e-004, 1.98886235e-004, 0., 0., 1.50159104e-002,
       1.98886241e-003, 1.19331735e-003, 6.96101808e-004,
       9.94431175e-005, 8.94988072e-004, 0., 9.94431175e-005, 0., 0., 0.,
       0., 0., 0., 1.98886235e-004, 0., 0., 9.94431175e-005, 0.,
       9.94431175e-005, 9.94431175e-005, 9.94431175e-005,
       1.98886235e-004, 0., 0., 9.94431175e-005, 0., 9.94431175e-005, 0.,
       9.94431175e-005, 1.98886235e-004, 0., 2.98329338e-004,
       9.94431175e-005, 3.97772470e-004, 9.94431175e-005,
       9.94431175e-005, 2.98329338e-004, 0., 0., 4.97215602e-004, 0., 0.,
       9.94431175e-005, 6.96101808e-004, 1.98886235e-004, 0.,
       9.94431175e-005, 0., 1.98886235e-004, 1.98886235e-004,
       1.98886235e-004, 0., 1.98886235e-004, 5.96658676e-004, 0.,
       9.94431175e-005, 9.94431175e-005, 0., 2.98329338e-004,
       3.87828164e-002, 4.97215602e-004, 9.94431175e-005, 0.,
       5.96658676e-004, 9.94431175e-005, 9.94431175e-005, 0., 0., 0., 0.,
       0., 0., 9.94431175e-005, 9.94431175e-005, 9.94431175e-005,
       9.94431175e-005, 9.94431175e-005, 9.94431175e-005,
       9.94431175e-005, 9.94431175e-005, 1.98886235e-004, 0.,
       1.98886235e-004, 5.96658676e-004, 0., 2.98329338e-004, 0.,
       8.94988072e-004, 0., 6.96101808e-004, 0., 0., 3.97772470e-004, 0.,
       0., 7.95544940e-004, 0., 9.94431175e-005, 0., 1.49164675e-003, 0.,
